1400,1689206828,191025,1701,45.7651,5.58452,19.9778
1400,1689209697,191206,1601,27.4122,7.12831,10.6336
1400,1689211814,191109,2234,35.0723,6.23984,14.1292
1400,1689213414,191128,1744,28.4112,6.86038,11.0062
1400,1689213525,191204,1611,28.2609,7.36894,10.8696
1400,1689215274,191008,1519,59.468,5.55022,29.2066
1400,1689216107,191127,1300,28.9426,6.5446,11.2027
1400,1689216323,191205,1920,27.792,6.68351,10.7546
1400,1689217153,191116,2214,31.1637,6.56609,12.3991
1400,1689218051,191017,1232,52.7486,5.64448,24.4956
1400,1689218789,191230,1024,28.1743,7.01824,10.6857
1400,1689219962,200204,1033,27.7686,7.46161,10.54
1400,1689220968,191202,1735,28.4263,6.52493,10.8644
1400,1689221018,191129,1440,28.4176,6.75495,10.8772
1400,1689221168,191121,1520,30.138,7.0854,12.2118
1400,1689222378,191201,2350,27.8655,6.96085,10.5261
1400,1689222644,191228,095,28.14,6.94412,10.6029
1400,1689256363,191009,1540,58.4699,5.66594,28.3998
1400,1689257000,191123,1531,29.1207,6.57695,11.7797
1400,1689257319,191012,1958,57.0866,5.66831,27.4372
1400,1689258978,200207,1416,28.1629,7.38878,10.6514
1400,1689259017,191107,1156,35.8394,5.77624,15.0147
1400,1689259342,191104,1200,36.7177,5.78992,15.481
1400,1689259377,191019,1816,52.6571,5.46636,24.0491
1400,1689259636,191110,1920,34.376,6.10792,14.1022
1400,1689259639,191106,1326,36.335,6.24789,15.0405
1400,1689259650,200214,1519,27.4943,7.91157,10.2086
1400,1689260200,191117,1419,32.144,5.96527,12.8139
1400,1689260216,191024,1421,47.6845,5.76653,21.692
1400,1689260998,191112,1410,34.3873,6.10298,14.0385
1400,1689261056,191220,0927,27.3057,7.73017,10.2829
1400,1689261602,191107,2300,35.3357,6.08619,14.3171
1400,1689261960,191111,1227,34.0488,6.42585,14.0904
1400,1689262106,200108,0929,27.0971,7.23139,10.3314
1400,1689262449,200121,0901,27.3457,7.56595,10.3143
1400,1689262895,200208,1930,27.5714,7.78529,10.5829
1400,1689265419,200119,0828,27.96,7.55805,10.4457
1400,1689265455,200105,0958,27.9286,7.33009,10.5314
1400,1689266393,191203,1421,27.8209,7.03038,10.632
1400,1689267825,200118,2054,27.3686,7.42602,10.1543
1400,1689268657,191114,1240,33.1266,6.47929,13.2932
1400,1689269070,191118,1348,31.7751,6.05432,13.0229
1400,1689269534,191216,1319,28.3657,6.90714,10.4943
1400,1689269703,200217,1006,27.8914,7.68322,10.6629
1400,1689270222,191016,1423,52.4708,5.72428,24.3028
1400,1689270671,191021,1425,51.0149,5.67503,23.0841
1400,1689271364,191011,1319,57.8081,5.98005,28.2443
1400,1689271383,191102,1441,36.8888,5.62009,15.1293
1400,1689273398,191215,1459,27.88,7.28251,10.6543
1400,1689273942,191013,1940,55.97,5.55346,27.0728
1400,1689273999,200104,0905,27.84,7.13943,10.3229
1400,1689274407,191031,1657,39.3914,6.05646,16.6417
1400,1689275356,191120,1332,30.497,6.78748,12.6146
1400,1689652390,200203,0903,27.5771,7.38288,10.4857
1400,1689652757,200131,1648,28.0514,8.01046,10.7857
1400,1689655632,200123,1742,27.68,7.84424,10.4514
1400,1689656051,200122,1005,28.0686,7.38245,10.8971
1400,1689656058,200129,1322,27.6486,7.84204,10.5486
1400,1689656193,200216,1200,27.6657,7.55173,10.4743
1400,1689656347,200125,1051,27.7286,7.35093,10.4029
1400,1689656350,200218,1010,27.5771,7.68239,10.3943
1400,1689656454,200127,1001,27.8686,7.41564,10.34
1400,1689656728,191015,1258,53.5946,5.74165,25.1577
1400,1689657057,200126,1231,27.5114,7.69664,10.4857
1400,1689657511,191125,1230,29.1106,6.26604,11.5803
1400,1689657600,200124,0849,28.0057,7.44638,10.5257
1400,1689657682,191029,1403,39.6192,5.78224,17.1128
1400,1689659805,200106,1758,27.7571,6.75892,10.5943
1400,1689659893,200130,1016,27.3343,7.80072,10.1486
1400,1689659992,200202,1743,27.7171,7.6892,10.3514
1400,1689660367,191113,1356,33.2093,6.46328,13.5214
1400,1689660465,200110,1643,27.6943,7.54747,10.6543
1400,1689660538,191018,1356,52.4191,5.50685,24.4333
1400,1689660633,191020,1637,51.7554,5.76932,23.7406
1400,1689660801,191119,1245,31.0847,5.94934,12.2888
1400,1689660811,200109,1124,27.26,6.6146,10.2943
1400,1689660833,191014,1752,56.1242,5.41097,26.726
1400,1689660849,191023,1601,48.4005,5.5785,21.694
1400,1689660868,200103,0035,27.5886,7.31825,10.1714
1400,1689661017,200201,1248,27.3914,7.44413,9.88286
1400,1689661126,191130,1610,28.7652,6.2836,11.1215
1400,1689661141,200128,1352,27.3257,7.47406,10.3629
1400,1689661487,191108,1345,35.6948,6.07838,14.4995
1400,1689661733,191030,1621,39.5064,5.87251,16.9288
1400,1689663341,191122,1546,29.7319,6.88147,11.9061
1400,1689664023,191027,1545,40.9976,5.43104,17.665
1400,1689664728,191010,1448,58.3491,5.54971,28.6146
1400,1689665210,191124,2210,28.8381,6.68636,11.3472
1400,1689665618,191028,1408,40.9153,5.63815,17.5657
1400,1689672699,200205,1851,28.1514,7.95392,10.5057
1400,1689672768,191213,1557,27.9286,6.88782,10.7257
1400,1689672773,191224,1135,27.5457,7.19863,10.2743
1400,1689673142,200111,1649,27.9229,7.58351,10.5257
1400,1689676786,200112,1740,27.52,7.37368,10.48
1400,1689676795,191225,1255,27.6086,7.62862,10.4571
1400,1689676848,191214,1131,27.7514,7.24475,10.4143
1400,1689676896,191217,1153,27.4543,6.91292,10.5343
1400,1689676960,200206,1000,27.58,7.82101,10.3371
1400,1689677171,191207,1700,27.9229,6.89872,10.8371
1400,1689677190,200113,0841,27.3686,7.70979,10.2743
1400,1689677234,191226,1200,27.9429,7.58301,10.5143
1400,1689677296,200209,0703,27.4571,7.9761,10.4143
1400,1689678828,200116,1820,27.4286,6.76081,10.1314
1400,1689680392,191231,1700,27.8143,7.09033,10.4857
1400,1689680463,191210,1409,28,7.31958,10.6771
1400,1689680465,200212,1023,28.3314,7.71513,10.6457
1400,1689680606,191221,1503,27.3771,7.62788,10.1371
1400,1689680615,191219,1018,27.8114,7.18663,10.8486
1400,1689680648,200115,1554,27.8,7.4732,10.0629
1400,1689680695,191209,1852,27.7257,7.29851,10.6857
1400,1689680729,200211,1004,28.0143,7.8734,10.6629
1400,1689680730,191229,1047,27.3486,6.82315,10.2943
1400,1689680738,200114,1538,27.6657,7.28999,10.4743
1400,1689680962,191209,0851,28.0686,7.33521,10.8086
1400,1689681025,191218,1335,27.3829,7.16152,10.3571
1400,1689681137,200210,0954,27.8171,7.53101,10.2743
1400,1689681335,191227,0858,28.0686,7.24524,10.8743
1400,1689684912,191223,1733,27.8457,7.37287,10.54
1400,1689685005,191211,2348,28.22,7.149,10.7914
1400,1689685019,200117,1003,27.3086,7.28732,10.2971
1400,1689685049,200120,1605,27.9714,7.11334,10.5457
1400,1689685092,200102,0957,27.5714,7.10294,10.32
1400,1689685132,191212,1608,27.9657,7.20479,10.8629
1400,1689685137,200215,2206,27.88,7.77707,10.7571
1400,1689685360,191222,0938,27.5057,7.1123,10.4314
1400,1689685380,200213,1037,27.5571,7.6892,10.4971
1400,1689685412,200101,2137,27.7514,7.14686,10.6371
1400,1690770576,200302,1001,28.1857,7.64697,10.5029
1400,1690776396,200301,1123,28.1314,7.76166,10.6086
1400,1690776605,200227,2315,27.5657,7.8979,10.5286
1400,1690776663,200223,0932,27.6543,7.95798,10.5114
1400,1690779798,200229,1014,27.9343,7.76267,10.54
1400,1690780091,200228,1005,27.9943,7.43371,10.6886
1400,1690780995,200226,1013,27.9514,7.63141,10.4
1400,1690781176,200224,1451,28.0029,8.12179,10.4343
1400,1690781978,200220,2313,27.8657,7.89139,10.3429
1400,1690782025,200219,1111,28.0914,7.67661,10.4543
1400,1690782148,200222,0020,27.6514,7.68302,10.3914
1400,1690785130,200225,1006,27.94,7.8382,10.6686
1400,1690785249,200221,1006,28.0971,7.49175,10.5771
1400,1691695899,200303,1004,27.4057,7.46814,10.5371
1400,1691698371,200301,1123,28.1314,7.76166,10.6086
1400,1691698831,200302,1001,28.1857,7.64697,10.5029
1400,1691699829,200307,0914,28.0457,7.77522,10.6857
1400,1691700358,200306,2134,28.0286,7.61717,10.66
1400,1691700674,200308,1623,27.7686,7.68061,10.5429
1400,1691702390,200304,0943,27.9657,7.60835,10.7
1400,1691702660,200305,0955,27.4914,7.6873,10.3229
1400,1691953119,200306,1009,27.6857,7.71326,10.2686
1400,1691953178,200308,1623,27.7686,7.68061,10.5429
1400,1691953808,200309,0919,28.1514,7.57837,10.7343
1400,1691953840,200307,0914,28.0457,7.77522,10.6857
1400,1691956915,200303,1004,27.4057,7.46814,10.5371