1000,1687836257,191008,1358,0.76,10.2473,0.154286
1000,1687839027,191011,1151,0.748571,8.11808,0.168571
1000,1687839563,191009,1335,0.7,9.84252,0.151429
1000,1687839886,191010,1130,0.7,11.284,0.151429
1000,1687840545,191014,1631,0.74,7.80669,0.182857
1000,1687841630,191020,1223,0.757143,10.6007,0.185714
1000,1687841847,191012,1748,0.697143,7.393,0.157143
1000,1687841849,191021,1132,0.771429,9.62199,0.214286
1000,1687841937,191018,1214,0.697143,7.66284,0.174286
1000,1687842318,191013,1730,0.714286,12.2047,0.157143
1000,1687843312,191016,1159,0.768571,8.18505,0.182857
1000,1687843446,191017,1103,0.734286,8.72727,0.162857
1000,1687843996,191015,1052,0.688571,7.90514,0.162857
1000,1687844230,191027,1343,0.717143,7.63359,0.211429
1000,1687845474,191114,1125,0.694286,8.03213,0.174286
1000,1687846935,191022,1203,0.645714,10.2881,0.142857
1000,1687846980,191023,1415,0.774286,9.7561,0.168571
1000,1687847336,191025,1415,0.731429,10.1124,0.18
1000,1687847461,191019,1649,0.737143,8.69565,0.142857
1000,1687847830,191113,1032,0.737143,10.3704,0.16
1000,1687848264,191115,1208,0.677143,8.71369,0.148571
1000,1687848631,191103,1300,0.74,8.45588,0.134286
1000,1687849159,191024,1259,0.768571,15.2542,0.177143
1000,1687849734,191102,1934,0.782857,10.0694,0.191429
1000,1687849735,191107,1608,0.814286,9.73154,0.188571
1000,1687850157,191029,1145,0.76,9.7561,0.185714
1000,1687850320,191031,1519,0.66,9.62343,0.151429
1000,1687850356,191028,1043,0.771429,8.7108,0.188571
1000,1687850518,191120,1159,0.8,8.99654,0.208571
1000,1687850616,191109,2120,0.751429,7.77778,0.177143
1000,1687850688,191030,1447,0.777143,8.07018,0.194286
1000,1687850689,191108,1216,0.728571,12.0755,0.217143
1000,1687851245,191111,1022,0.751429,9.02256,0.2
1000,1687851702,191104,1100,0.648571,7.35931,0.157143
1000,1687851828,191117,1225,0.745714,12,0.171429
1000,1687852016,191112,1200,0.774286,6.64336,0.134286
1000,1687853462,191128,1631,0.691429,11.8852,0.16
1000,1687854111,191124,2000,0.771429,8.60215,0.194286
1000,1687854215,191127,1651,0.737143,10.0372,0.148571
1000,1687854279,191125,1037,0.72,7.48031,0.191429
1000,1687854339,191126,1500,0.774286,6.78571,0.16
1000,1687854465,191129,1321,0.771429,7.63889,0.168571
1000,1687854724,191202,1155,0.722857,7.98479,0.197143
1000,1687855949,191201,1527,0.631429,6.11354,0.168571
1000,1687857455,191116,2039,0.745714,10.0746,0.177143
1000,1687857936,191107,1040,0.728571,9.88593,0.208571
1000,1687858064,191118,1218,0.725714,7.5188,0.142857
1000,1687858169,191121,1246,0.757143,8.95522,0.18
1000,1687858313,200102,2330,0.813481,10.7143,0.290529
1000,1687859490,191207,1417,0.762857,9.85915,0.185714
1000,1687859503,191122,1220,0.76,9.85401,0.162857
1000,1687859955,191105,0804,0.685714,12.0623,0.171429
1000,1687860512,191123,1403,0.728571,9.26641,0.197143
1000,1687861159,191108,0042,0.731429,9.54198,0.211429
1000,1687861168,191110,1256,0.782857,10.2837,0.194286
1000,1687862938,191204,1345,0.825714,7.07071,0.211429
1000,1687862961,191203,1151,0.705714,7.36434,0.157143
1000,1687863524,191205,1741,0.742857,6.39098,0.225714
1000,1687864205,200101,2026,0.794286,7.36842,0.154286
1000,1687864230,191229,1848,0.728571,8.42912,0.18
1000,1687864534,191223,1216,0.745714,10.7807,0.162857
1000,1687864763,191225,2207,0.617143,9.09091,0.128571
1000,1687864833,191228,0029,0.694286,5.22088,0.185714
1000,1687865399,191206,1316,0.665714,10,0.128571
1000,1687865678,191227,2036,0.777143,11.9134,0.148571
1000,1687865740,191230,2333,0.765714,10.5072,0.148571
1000,1687865843,191231,2313,0.757143,6.03774,0.16
1000,1687866347,191219,2302,0.685714,6.19835,0.171429
1000,1687866373,191212,1422,0.857143,9.96785,0.177143
1000,1687866378,191213,1300,0.622857,10.7623,0.154286
1000,1687866885,191209,1544,0.714286,8.36502,0.108571
1000,1687867425,191210,1042,0.748571,7.40741,0.197143
1000,1687867425,191119,1118,0.797143,8.96552,0.194286
1000,1687867472,191224,2054,0.7,9.96016,0.205714
1000,1687868021,200103,2316,0.737143,11.0701,0.18
1000,1687868583,191211,1726,0.728571,12.1212,0.2
1000,1687868643,191130,1411,0.754286,11.0714,0.151429
1000,1687868651,191217,1909,0.742857,7.38007,0.185714
1000,1687869036,191214,1847,0.814286,9.73154,0.174286
1000,1687869216,191221,1159,0.788571,8.8968,0.191429
1000,1687869238,191215,2117,0.722857,12.3077,0.174286
1000,1687869478,191216,2235,0.76,6.88406,0.197143
1000,1687869796,191222,2317,0.782857,13.3333,0.151429
1000,1687872656,200113,2117,0.78,12.5448,0.142857
1000,1687872966,200114,1250,0.717143,7.393,0.177143
1000,1687873388,200127,1836,0.674286,6.17284,0.171429
1000,1687874163,200128,1116,0.722857,10.7692,0.177143
1000,1687874872,200131,1518,0.685714,8.09717,0.142857
1000,1687875102,200117,1956,0.711429,6.97674,0.177143
1000,1687875193,200118,1657,0.694286,4.6875,0.174286
1000,1687875305,200204,2116,0.737143,7.5188,0.217143
1000,1687876324,200106,1604,0.711429,7.72201,0.171429
1000,1687876385,200130,2032,0.805714,10.8014,0.171429
1000,1687876494,200107,2322,0.72,12.5,0.131429
1000,1687876852,200129,1121,0.734286,8.27068,0.168571
1000,1687877001,200109,2256,0.708571,9.09091,0.171429
1000,1687877102,200110,1337,0.722857,10.4247,0.2
1000,1687877152,200111,1343,0.765714,9.60854,0.191429
1000,1687877237,200203,0014,0.751429,9.85401,0.142857
1000,1687877329,200205,1059,0.685714,5.22088,0.174286
1000,1687877481,191220,1854,0.734286,8.07692,0.171429
1000,1687877979,200115,1440,0.671429,5.22088,0.16
1000,1687878029,200202,1533,0.765714,6.98529,0.165714
1000,1687878363,200119,2341,0.728571,8.88889,0.191429
1000,1687878702,200125,2005,0.757143,5.41516,0.185714
1000,1687878995,200126,2312,0.685714,10.8871,0.194286
1000,1687879028,200116,1613,0.831429,9.09091,0.182857
1000,1687882248,200208,1718,0.825714,9.60265,0.174286
1000,1687882255,200206,2148,0.791429,7.61246,0.208571
1000,1687882321,200207,1051,0.728571,8.67925,0.16
1000,1687882921,200201,2353,0.751429,11.0701,0.191429
1000,1687882947,200209,1921,0.737143,8.77863,0.208571
1000,1687883226,200112,1544,0.78,9.02527,0.154286
1000,1687883375,200210,2231,0.731429,6.81818,0.182857
1000,1687883880,200104,1753,0.731429,5.70342,0.171429
1000,1687883917,200105,2224,0.78,11.3712,0.205714
1000,1687884069,200108,1657,0.74,9.1954,0.2
1000,1687885389,200123,1328,0.757143,6.66667,0.177143
1000,1687889419,200120,1145,0.688571,10.0806,0.165714
1000,1687889594,200122,1741,0.717143,8.56031,0.148571
1000,1687889694,200121,2025,0.662857,7.94979,0.174286
1000,1687890010,200124,1638,0.768571,9.85401,0.154286