1691817492,200304,1740,40.7736,0.0190519,1.60715,0.0235254,3.94164,1.06319
1691819606,191009,1335,39.0385,0.0189627,1.48266,0.02402,3.79793,0.711957
1691819606,191010,1130,38.9415,0.0197327,1.47405,0.0246566,3.78529,1.15329
1691819608,191008,1358,39.2497,0.0199131,1.56302,0.0261893,3.98226,0.611927
1691819752,191014,1631,38.5908,0.0218758,1.3861,0.0252409,3.59177,1.5613
1691819754,191015,1052,38.0408,0.0192702,1.45184,0.0254535,3.81652,0.948007
1691820040,191013,1730,38.5675,0.0247069,1.47006,0.0298936,3.81164,0.67026
1691820045,191011,1151,38.7332,0.0210177,1.43246,0.0259095,3.69827,1.31068
1691820045,191012,1748,38.7573,0.0211614,1.46202,0.0268248,3.77224,0.876646
1691820130,191017,1103,38.2156,0.0180906,1.44734,0.0229565,3.78729,0.739451
1691820142,191018,1214,38.1642,0.0182505,1.44572,0.0237098,3.78817,0.870757
1691820149,191019,1649,38.1195,0.0185753,1.44541,0.0239087,3.79179,1.53124
1691820191,191016,1159,38.1772,0.0190681,1.49027,0.0252619,3.90355,1.45309
1691820406,191022,1203,37.6751,0.0253759,1.49684,0.0321594,3.97302,0.839056
1691820417,191021,1132,38.1211,0.0185978,1.44588,0.0238702,3.79286,0.951628
1691820426,191025,1415,37.6309,0.0243676,1.43837,0.0294008,3.82231,1.05146
1691820428,191020,1223,38.1024,0.0187299,1.44758,0.0237703,3.79918,0.897843
1691820429,191027,1343,37.3081,0.0178357,1.41262,0.0215159,3.78635,1.40478
1691820451,191028,1043,37.3439,0.0173483,1.40381,0.0222064,3.75913,1.17503
1691820458,191023,1415,37.7147,0.0171787,1.42965,0.0205572,3.7907,0.90938
1691820466,191024,1259,37.7369,0.0173394,1.44641,0.0203402,3.83288,0.789749
1691820589,191029,1145,37.2751,0.0182738,1.43208,0.0230899,3.84192,0.642926
1691820719,191102,1934,37.2958,0.0183253,1.44953,0.0234447,3.88657,0.36075
1691820741,191104,1100,37.335,0.0177722,1.42731,0.0218203,3.82298,1.0289
1691820749,191030,1447,37.34,0.0174057,1.39414,0.0214372,3.73365,1.15312
1691820783,191031,1519,37.3213,0.0180436,1.4222,0.0224446,3.81069,1.13463
1691820882,191107,1608,37.5613,0.0180414,1.47226,0.0217427,3.91963,1.80832
1691820911,191105,0804,37.3095,0.0177578,1.42084,0.0219099,3.80827,0.897501
1691820928,191108,1216,37.6458,0.0248865,1.45935,0.0296387,3.87654,1.22354
1691820933,191108,0042,37.4138,0.0316519,1.47575,0.0345868,3.94439,1.31932
1691821041,191103,1300,37.2523,0.0182523,1.42028,0.0228579,3.81259,1.61952
1691821051,191107,1040,37.5223,0.0292852,1.47997,0.0339937,3.94425,1.03953
1691821058,191109,2120,37.7745,0.0179268,1.49044,0.0207378,3.94562,1.43321
1691821058,191112,1200,37.8338,0.0177621,1.48769,0.020619,3.93218,1.04848
1691821084,191111,1022,37.8097,0.0238499,1.522,0.0296674,4.02541,1.17881
1691821085,191113,1032,37.8467,0.0221993,1.47616,0.028173,3.90038,1.1673
1691821188,191114,1125,37.9181,0.0206498,1.45177,0.0267089,3.8287,1.09983
1691821198,191110,1256,37.7781,0.0237846,1.49512,0.0299422,3.95763,0.585318
1691899696,191115,1208,37.9017,0.0213605,1.4818,0.0276005,3.90959,0.901986
1691899706,191116,2039,37.9167,0.0215177,1.49897,0.0281258,3.95334,0.589065
1691899877,191119,1118,38.0121,0.0202791,1.47446,0.0258923,3.87891,1.32369
1691899917,191117,1225,37.9524,0.0212524,1.50411,0.0274844,3.96316,0.463514
1691899924,191120,1159,38.1172,0.0185571,1.432,0.0237305,3.75683,1.13108
1691899981,191118,1218,38,0.085839,1.48504,0.0204483,3.90801,0.774321
1691899986,191122,1220,38.2291,0.0187303,1.4795,0.0243329,3.87009,0.962186
1691900013,191121,1246,38.0805,0.0187691,1.4384,0.023713,3.77727,1.37663
1691900144,191124,2000,38.2534,0.0182157,1.4642,0.0234952,3.82763,1.3302
1691900148,191123,1403,38.2818,0.0305013,1.44053,0.0314756,3.76296,1.8202
1691900169,191125,1037,38.2995,0.0185644,1.4964,0.0229975,3.90711,1.44507
1691900182,191127,1651,38.4013,0.0180828,1.47723,0.0219599,3.84681,1.1554
1691900207,191128,1631,38.4131,0.0179499,1.47255,0.0230964,3.83345,0.528878
1691900271,191129,1321,38.4366,0.0177317,1.4677,0.0210754,3.81849,1.74373
1691900357,191202,1155,38.7006,0.0215989,1.45093,0.0270875,3.74912,0.80664
1691900381,191201,1527,38.7362,0.0210264,1.4417,0.0263053,3.72184,1.13726
1691900416,191203,1151,38.7304,0.0234442,1.52077,0.0295746,3.92655,1.10552
1691900436,191204,1345,38.6949,0.017461,1.46258,0.0197332,3.77978,1.36659
1691900473,191130,1411,38.6827,0.0231238,1.49685,0.0283098,3.86956,1.20467
1691900489,191209,1544,38.816,0.0225673,1.53656,0.0292537,3.95857,1.08558
1691900508,191206,1316,38.8043,0.0215258,1.5074,0.0278657,3.88463,0.878225
1691900512,191205,1741,38.8376,0.0215132,1.50831,0.0280927,3.88364,1.08489
1691900550,191207,1417,38.784,0.0223043,1.51539,0.0292489,3.90724,1.23301
1691900581,191211,1726,38.943,0.0192739,1.4596,0.0249049,3.74805,1.30488
1691900581,191213,1300,39.0463,0.0197781,1.52821,0.0252365,3.91385,1.08982
1691900684,191214,1847,39.1432,0.0181504,1.4723,0.0233127,3.76131,0.897603
1691900743,191215,2117,39.0348,0.0202283,1.54378,0.0272572,3.95487,1.09726
1691900776,191217,1909,39.1183,0.0185881,1.48809,0.0236235,3.80407,1.55116
1691900843,191221,1159,39.1233,0.0185772,1.48549,0.0237232,3.79696,1.10299
1691900853,191220,1854,39.0965,0.0196671,1.53933,0.0259053,3.93727,1.24486
1691900879,191222,2317,39.3207,0.0185795,1.53744,0.0237053,3.91001,1.20827
1691900918,191224,2054,39.3415,0.0181381,1.51249,0.0236534,3.84452,1.12901
1691900930,191227,2036,39.4185,0.0189505,1.58373,0.0243396,4.01774,1.68366
1691900952,191223,1216,39.3029,0.0185115,1.54054,0.0238848,3.91965,0.8933
1691900960,191210,1042,38.9329,0.019864,1.49019,0.0254557,3.8276,0.974262
1691901035,191229,1848,39.4532,0.0183363,1.54999,0.0229659,3.92868,1.23438
1691901038,191230,2333,39.4509,0.0184,1.56068,0.0237703,3.95601,1.22511
1691901068,191228,0029,39.4245,0.0179523,1.52666,0.0224933,3.87237,1.10519
1691901100,200101,2026,39.4979,0.0179658,1.53003,0.0224975,3.8737,1.59081
1691901112,200103,2316,39.4921,0.0182858,1.55081,0.0223565,3.92689,1.8627
1691901149,200105,2224,39.6263,0.0180609,1.56232,0.0222624,3.94262,1.76645
1691901166,191212,1422,39.0116,0.018467,1.45062,0.022898,3.71842,1.36217
1691901189,200108,1657,39.6126,0.0176334,1.52674,0.0207914,3.85417,1.00742
1691901192,200106,1604,39.5797,0.0311877,1.53736,0.035836,3.88422,1.37558
1691901227,200109,2256,39.6807,0.0278058,1.5164,0.0338319,3.82152,1.67721
1691901228,200104,1753,39.5339,0.0179349,1.53663,0.0223035,3.88687,0.442904
1691901279,200111,1343,39.6669,0.0181541,1.55445,0.0213416,3.91876,0.835162
1691901331,200113,2117,39.7787,0.0278395,1.56899,0.0344181,3.94429,1.22449
1691901362,200115,1440,39.7723,0.0271484,1.54807,0.0353003,3.89234,1.11685
1691901368,200110,1337,39.6722,0.0178325,1.52732,0.0208795,3.84985,1.81624
1691901482,200112,1544,39.6628,0.0177905,1.54425,0.0212757,3.89345,1.66668
1691901520,200123,1328,39.9195,0.0238696,1.54087,0.0313459,3.85996,0.50207
1691901533,200114,1250,39.7616,0.0177242,1.52706,0.0212108,3.84054,0.930592
1691901575,200129,1121,40.1068,0.0211659,1.53533,0.0279903,3.8281,1.10204
1691901597,200128,1116,40,0.0129128,1.5357,0.0198833,3.83925,0.996184
1691901666,200201,2353,40.2481,0.0214715,1.60647,0.0285186,3.99141,1.22241
1691902010,200118,1657,39.8729,0.0239771,1.52658,0.0297308,3.82863,1.35208
1691902022,200204,2116,40.2476,0.0200175,1.5468,0.0261183,3.84322,0.864952
1691902049,200206,2148,40.3518,0.0206041,1.59214,0.027986,3.94565,1.1139
1691902059,191216,2235,39.1486,0.0181466,1.47735,0.02263,3.77369,1.25125
1691902098,200202,1533,40.2063,0.0203542,1.53217,0.0275811,3.81077,1.3384
1691902137,200120,1145,39.8523,0.0260089,1.55078,0.0329639,3.89132,1.26273
1691902144,200119,2341,39.936,0.0175663,1.50971,0.0196134,3.78032,0.867663
1691902157,200216,1859,40.6186,0.0294678,1.58214,0.0368406,3.89512,0.97096
1691902211,200219,2127,40.5734,0.03054,1.5764,0.0369999,3.88529,0.885099
1691902254,200126,2312,39.9922,0.0180444,1.56677,0.020213,3.91769,0.905183
1691902262,200131,1518,40.1156,0.0219759,1.56952,0.0308364,3.91249,1.38733
1691902280,200124,1638,39.989,0.0240115,1.57825,0.0320998,3.94672,0.905752
1691902299,200222,1436,40.6605,0.0188796,1.57868,0.0235518,3.88258,1.03176
1691902300,200214,1055,40.424,0.0199903,1.58234,0.0262989,3.91436,1.06509
1691902313,200303,0012,40.9025,0.0491495,1.37241,0.0516295,3.35531,0.815576
1691902325,200125,2005,39.9643,0.0180476,1.55503,0.0203258,3.89104,1.10399
1691902351,200116,1613,39.7766,0.0178732,1.54261,0.0210771,3.87818,1.33209
1691902373,200117,1956,39.8396,0.01791,1.5386,0.0202954,3.86198,0.73048
1691902394,200121,2025,39.9451,0.0257326,1.62816,0.0371123,4.07601,1.6404
1691902402,191219,2302,39.1239,0.0187459,1.50889,0.0252986,3.8567,1.05843
1691902430,200213,0017,40.3987,0.0201319,1.60183,0.0255491,3.96504,1.42677
1691902430,200229,2204,40.8951,0.0253531,1.63495,0.0348221,3.99791,1.03363
1691902453,200302,1750,40.8878,0.0235662,1.57339,0.0310129,3.84807,1.10131
1691902465,200130,2032,40.1649,0.0202856,1.52744,0.0274712,3.80293,2.65054
1691902501,200225,2238,40.7916,0.0252936,1.57193,0.0328066,3.85357,1.09538
1691902537,200218,2235,40.521,0.0345513,1.63474,0.0420967,4.0343,1.06575
1691902552,200205,1059,40.3376,0.0380793,1.56537,0.0423092,3.88067,1.18872
1691902558,191225,2207,39.3625,0.0176039,1.4889,0.0218094,3.78253,0.823806
1691902566,200301,2302,40.863,0.0242182,1.5849,0.0333967,3.87857,0.9699
1691902571,200207,1051,40.3011,0.0203252,1.55851,0.0265064,3.86715,0.814926
1691902585,200107,2322,39.6034,0.0199611,1.48326,0.0234693,3.74528,0.882499
1691902597,200307,2312,41.0281,0.021754,1.58598,0.02871,3.86559,1.02396
1691902599,191231,2313,39.4198,0.0179982,1.53268,0.0226664,3.8881,1.07804
1691902617,200227,1745,40.7227,0.031227,1.68216,0.0411601,4.13077,1.48293
1691902622,200215,1622,40.4558,0.0200071,1.60523,0.0261553,3.96785,1.19884
1691902629,200212,1657,40.3893,0.0198612,1.58041,0.0270545,3.91294,0.396516
1691902638,200203,0014,40.2986,0.0211185,1.60436,0.0279106,3.98117,1.18849
1691902651,200224,1102,40.7333,0.0255286,1.56313,0.0330719,3.83747,1.40445
1691902662,200208,1718,40.3011,0.0203017,1.57182,0.0259424,3.90019,0.965697
1691902663,200209,1921,40.4318,0.0199014,1.5907,0.0264233,3.93428,1.06936
1691902669,200308,1432,41.0033,0.0230652,1.60136,0.0307604,3.90543,0.810433
1691902675,200210,2231,40.4301,0.0196788,1.57769,0.0249641,3.90227,0.980131
1691902680,200221,2123,40.5926,0.0192331,1.5893,0.0245771,3.91523,0.773073
1691902700,200217,2329,40.5486,0.019485,1.60318,0.0244113,3.95373,0.780461
1691902705,200220,1933,40.5223,0.018889,1.55099,0.0236371,3.8275,0.994187
1691902711,200223,0000,40.7167,0.0269352,1.57419,0.0342576,3.8662,0.832295
1691902734,200228,1744,40.8364,0.025834,1.61884,0.0342342,3.96422,0.898036
1691902741,200306,1832,40.8558,0.0243963,1.57015,0.0323616,3.84315,1.02915
1691902763,200122,1741,39.9731,0.0213343,1.47918,0.0260331,3.70044,1.12627
1691902772,200127,1836,40.0114,0.0230838,1.54732,0.031538,3.86721,2.32832
1691902822,200211,2005,40.3963,0.0196466,1.57416,0.0265196,3.8968,1.06057
1691902875,200304,1740,40.7736,0.0190519,1.60715,0.0235254,3.94164,1.06319